#analisis resultados

ninguno <- c(22,23,55,66,83,85,88,95,97,98,99,106,109,
                        125,126,134,143,144,159,167,172,173,175,176,
                        177,179,192,196,199,205)